266
653
861
866
1163
884
942
1127
1391
945
1002
671
992
1406
836
845
411
651
757
918
849
1007
1474
1280
2012
1949
1537
2203
2459
2423
1249
1464
1554
1672
957
1938
1665
1539
1712
2070
2272
2677
2858
1796
2949
2029
2953
2819
1914
2842
3442
1982
843
2799
3415
2256
2072
2925
3159
2528
6748
3327
2509
2754
2032
1158
1766
2648
1398
2208
1747
1925
2041
1156
1128
1872
2176
1473
2828
2722
2350
5047
2402
2969
1685
2090
2138
1691
1539
2490
4242
3575
1581
2822
1484
1804
458
2103
526
2643
2211
1541
650
1317
1409
909
1565
1023
1406
716
1069
1089
1569
1237
4502
20
939
1108
772
1485
960
1499
434
642
1121
949
1519
714
1286
3432
1291
573
2510
2065
2260
2018
2533
2571
2651
2703
2421
2439
2554
2404
2955
2450
2608
2419
2433
3467
2874
