10
89
113
96
128
50
173
116
94
250
119
125
80
304
12
80
69
107
110
94
54
108
65
164
129
87
112
96
117
54
75
86
66
10
30
77
81
40
94
83
118
122
82
73
109
87
112
163
56
114
94
105
122
125
65
85
79
51
12
142
81
77
137
146
63
98
151
83
168
89
112
128
146
158
132
82
147
108
178
98
69
109
47
87
70
51
16
66
81
46
100
47
132
62
123
103
107
88
92
85
79
89
52
32
33
34
35
36
37
37
40
41
43
49
50
52
104
24
35
45
50
87
289
127
10
176
95
122
153
107
87
121
124
107
156
110
74
78
102
109
115
138
57
14
69
57
78
78
74
47
74
80
70
96
131
73
97
107
109
93
126
10
151
92
146
131
378
129
133
280
153
229
135
101
126
254
140
134
12
97
134
247
178
143
250
84
129
88
122
10
111
133
53
108
118
118
118
127
67
85
117
62
62
62
62
62
62
62
62
62
62
62
78
12
49
165
127
111
48
86
90
114
150
143
86
108
76
60
63
88
116
118
137
143
12
112
74
122
100
73
73
93
115
60
93
59
123
49
12
129
94
118
96
135
120
140
105
134
136
100
79
12
73
189
108
69
45
130
171
116
115
123
76
157
129
153
100
12
121
111
119
110
143
155
112
136
149
141
93
173
184
165
152
111
178
51
166
240
12
77
113
111
24
29
32
31
34
34
109
85
84
22
33
43
48
33
69
98
78
86
90
79
127
12
47
105
69
64
87
120
118
138
94
182
114
63
113
73
100
115
127
131
84
114
68
12
87
100
34
36
40
43
48
54
76
116
43
44
47
49
121
101
68
166
105
86
90
83
145
111
77
124
102
65
92
102
152
187
83
37
139
85
17
18
16
18
171
34
138
88
21
22
26
23
68
140
87
17
22
26
33
107
10
66
137
85
196
67
108
141
135
142
210
179
137
55
172
237
127
117
81
12
110
131
81
89
129
112
124
113
63
71
130
103
109
92
76
72
116
164
109
127
98
170
89
10
133
109
83
102
133
164
93
66
141
122
10
98
105
73
147
109
109
106
209
222
146
151
302
116
305
12
92
76
61
54
77
95
117
124
77
135
109
75
80
104
117
78
61
83
64
10
148
133
117
120
98
94
103
101
79
125
10
82
127
146
147
199
109
93
107
112
148
380
114
90
109
80
163
111
138
363
12
148
105
83
151
76
143
154
183
191
102
109
76
115
88
92
147
68
121
30
31
32
33
34
35
35
38
39
41
47
48
50
140
33
34
35
36
37
39
43
44
46
51
58
63
66
66
81
46
12
117
115
132
92
105
90
133
147
150
51
73
108
96
80
84
134
59
84
97
80
71
105
85
151
174
156
171
148
152
154
156
158
162
164
166
169
171
174
176
180
189
172
138
127
92
178
12
125
78
77
98
84
100
112
99
100
150
94
52
51
116
68
68
65
138
117
10
146
143
66
72
128
136
80
68
89
125
122
121
86
89
179
135
83
111
161
98
102
8
67
92
329
69
127
260
117
219
42
122
87
28
57
27
73
27
93
38
39
21
107
76
106
63
140
105
118
119
127
87
125
87
121
77
86
92
10
73
73
105
114
102
86
94
116
78
151
151
185
82
88
82
88
115
79
8
79
7
56
46
53
83
54
32
103
95
98
8
80
76
90
49
80
82
94
80
95
77
44
88
110
73
78
82
10
35
32
44
118
142
94
32
36
46
54
57
64
88
84
49
104
70
35
97
16
100
67
40
48
41
48
30
90
79
37
87
99
93
74
10
75
67
41
66
68
82
97
67
10
53
68
85
78
114
56
35
55
46
62
64
97
44
97
83
90
57
86
80
54
58
47
8
68
23
53
15
12
108
115
32
92
92
72
67
88
51
72
9
13
15
90
87
64
80
91
73
130
13
74
69
66
42
57
42
51
196
213
182
190
79
69
55
9
18
65
44
14
39
56
42
38
73
16
6
5
2
104
89
75
84
100
70
88
3
92
115
90
109
60
101
89
71
6
98
123
128
5
103
96
96
70
97
113
145
6
23
2
120
94
93
61
9
96
76
97
7
101
93
110
94
97
65
130
9
107
119
78
68
7
80
87
90
138
72
95
136
73
7
26
4
99
64
104
77
114
2
84
58
86
91
100
4
91
59
93
96
83
60
6
86
101
109
85
75
98
56
7
15
5
96
85
126
88
95
146
5
118
102
77
92
129
142
5
119
77
123
80
4
83
78
75
100
102
110
85
86
100
87
61
114
65
73
7
49
2
83
90
88
93
4
110
95
116
73
47
2
98
97
105
105
68
97
103
102
118
4
96
88
97
78
73
72
8
62
4
95
136
75
90
80
82
83
80
133
7
107
105
98
143
9
127
91
129
7
100
108
74
93
92
64
6
114
131
127
87
40
87
7
55
5
80
85
108
146
126
135
2
54
117
49
105
83
62
2
91
96
99
130
4
128
74
80
121
83
130
97
78
122
5
28
5
106
65
135
88
139
127
3
125
99
105
125
123
30
92
4
68
118
103
114
108
99
85
3
108
77
134
6
53
2
108
101
63
3
115
90
81
85
3
98
70
114
93
88
102
3
91
112
79
85
129
9
135
74
69
81
2
147
69
79
7
112
2
57
107
24
85
121
35
161
2
110
55
60
69
109
100
2
64
53
59
68
88
82
127
48
2
87
119
112
119
107
72
7
78
6
39
5
110
101
114
103
118
95
4
78
121
83
126
90
109
6
105
137
142
109
139
111
108
79
88
3
75
132
99
81
107
133
88
6
109
91
116
101
7
10
6
113
99
95
77
89
128
7
113
79
117
128
106
110
94
8
151
101
152
83
149
7
122
83
109
81
137
142
9
26
5
115
127
94
104
81
91
4
41
75
77
65
126
3
87
87
116
82
97
64
110
111
4
131
97
97
30
4
74
88
97
8
40
3
102
94
82
86
61
110
138
164
4
87
112
99
118
94
104
2
117
86
114
108
89
85
114
6
87
71
116
107
7
62
6
92
101
78
82
7
84
99
114
95
120
72
9
109
144
79
97
66
72
10
80
102
96
91
9
79
145
104
93
6
4
2
109
81
84
104
99
2
74
96
85
83
3
87
90
131
122
2
105
108
79
102
2
74
107
53
90
4
136
102
118
80
5
95
127
8
4
6
75
87
88
5
92
77
72
106
108
84
89
107
153
92
90
112
2
103
103
104
88
85
106
102
115
60
127
6
38
2
91
114
120
74
115
146
114
6
101
96
56
110
96
3
86
77
91
98
98
98
121
122
5
120
100
80
3
78
39
67
8
50
2
70
115
91
11
95
87
90
87
78
8
84
96
82
104
66
83
9
95
49
62
142
92
84
109
116
20
56
37
18
39
86
92
14
151
12
137
17
14
65
11
85
13
47
34
12
20
61
23
164
181
126
37
105
32
11
12
20
47
29
119
66
47
26
51
63
19
97
97
97
97
97
97
97
97
97
97
97
97
97
97
56
93
12
54
78
12
36
13
12
20
20
37
91
139
120
114
25
152
14
13
12
13
71
11
99
233
116
109
10
10
20
31
25
93
105
11
90
11
83
142
11
102
16
97
22
28
40
62
104
93
14
112
11
83
24
79
83
69
58
20
28
28
93
75
100
11
26
43
70
23
29
80
20
43
25
96
69
38
73
91
33
79
15
99
83
14
82
33
102
83
11
104
130
97
121
20
37
37
50
72
107
11
125
11
74
13
92
86
113
100
141
136
63
15
14
20
49
50
30
58
61
77
120
32
14
23
10
76
115
15
24
31
107
17
45
18
31
20
29
24
14
60
21
36
38
13
71
80
12
17
20
71
20
78
19
145
56
98
71
58
97
36
78
90
89
65
99
14
46
39
50
35
78
32
97
37
83
76
65
133
114
97
79
106
52
78
130
110
35
55
38
112
88
84
56
69
53
67
70
82
51
62
74
86
112
41
112
106
74
15
112
80
118
20
27
15
243
45
135
128
12
11
14
20
27
22
114
105
40
61
78
68
60
69
33
66
18
76
17
94
21
132
20
31
26
74
79
21
22
83
11
12
79
15
13
72
14
87
16
13
14
14
20
29
17
14
12
22
128
128
128
128
128
128
128
128
128
128
128
128
128
59
29
37
113
10
43
34
20
69
23
168
82
48
16
57
12
18
13
13
13
14
12
50
11
60
94
81
98
68
77
108
12
20
31
19
114
83
67
12
84
99
49
11
12
13
131
12
97
96
68
14
10
103
104
117
12
11
101
62
13
20
31
30
125
112
43
35
11
62
30
14
100
76
13
11
95
80
55
11
11
11
54
39
20
37
25
18
118
24
70
87
91
33
95
44
29
82
16
13
12
15
13
67
20
47
26
169
30
32
31
26
70
66
56
14
41
88
58
65
12
66
11
74
70
63
72
72
72
72
72
72
72
72
72
72
72
72
72
72
72
72
72
72
72
49
12
11
68
20
33
25
79
159
60
53
65
11
71
60
13
17
19
24
19
19
24
24
31
10
10
14
14
14
14
14
14
14
14
14
14
14
14
14
15
10
14
14
14
14
14
14
14
14
14
14
14
14
14
15
14
14
14
10
14
14
14
14
14
14
14
14
14
14
14
14
14
15
20
56
37
18
39
86
92
14
151
12
137
17
65
14
85
13
47
18
14
13
34
12
14
18
51
77
83
33
108
107
20
67
135
31
98
46
18
49
39
51
40
25
17
20
68
18
36
74
18
109
66
63
20
76
120
20
70
35
54
39
49
16
29
29
14
97
13
13
28
13
40
34
69
32
14
35
55
14
61
20
34
18
10
21
11
13
38
53
13
51
38
100
14
20
73
74
19
70
52
32
48
70
20
90
30
124
94
55
14
61
68
14
10
35
76
93
12
79
12
83
12
99
12
105
82
12
70
49
12
13
12
46
75
20
27
28
11
57
68
53
53
53
23
23
23
91
97
15
24
23
83
53
89
78
102
52
86
30
58
36
33
5
36
6
13
82
89
30
89
100
52
22
18
71
76
71
130
50
84
47
111
61
53
80
49
105
43
79
84
104
94
109
105
98
96
92
109
60
99
66
84
62
47
25
17
51
115
112
48
100
99
79
47
52
96
73
23
99
23
154
66
79
60
9
37
25
26
82
108
134
102
136
146
47
94
98
59
77
120
80
64
81
28
47
23
44
68
100
75
119
67
131
129
74
97
124
72
23
99
100
44
68
107
116
14
31
25
75
82
68
108
68
52
23
45
31
115
39
96
52
162
106
115
114
149
31
162
86
91
97
122
15
97
101
92
62
139
86
44
26
10
76
70
61
69
27
44
67
57
87
83
47
81
102
97
113
101
63
80
90
109
89
80
102
60
58
24
15
47
105
39
56
57
74
43
92
92
85
105
70
84
62
6
48
117
122
77
105
44
80
58
70
81
63
91
25
28
61
59
58
31
77
126
83
114
144
125
104
88
84
25
92
76
96
78
85
67
61
73
71
96
120
81
93
60
42
25
64
48
107
99
120
93
77
77
78
64
56
73
69
147
57
12
58
15
60
11
33
50
118
139
126
28
34
23
115
97
89
65
102
119
205
91
154
93
4
31
73
96
58
105
80
92
60
4
40
24
33
23
63
68
64
43
40
98
71
112
88
90
5
92
119
104
92
46
74
104
43
41
23
22
41
27
84
97
71
1
35
87
21
51
66
28
74
19
8
57
27
12
24
29
64
39
26
8
81
25
129
7
78
7
74
7
79
65
59
73
55
104
73
57
64
30
107
12
14
46
24
9
86
73
78
90
43
81
39
136
4
85
93
82
60
99
31
171
132
83
40
24
9
28
45
102
79
50
84
88
77
51
42
112
54
37
59
65
56
107
4
71
73
40
78
125
72
26
54
25
27
60
110
135
112
50
69
113
87
30
72
86
89
60
4
57
93
96
99
86
159
117
76
109
4
45
24
52
59
49
35
104
85
104
104
104
112
65
116
31
125
106
132
62
148
55
23
22
85
53
39
41
48
47
44
35
65
43
62
52
36
37
47
68
96
81
45
25
64
48
69
56
24
65
54
23
15
87
52
89
105
22
71
103
156
122
75
106
147
27
81
121
87
129
83
77
58
104
94
130
71
75
131
139
104
140
34
23
15
91
138
74
117
87
134
105
108
73
128
95
112
4
63
119
124
94
38
115
97
181
92
92
73
97
28
160
23
12
58
61
33
99
96
74
67
93
50
4
126
104
102
43
74
80
70
57
97
103
80
4
55
23
58
53
68
150
69
139
157
55
29
114
42
15
8
1
38
6
17
28
24
5
28
64
64
64
3
34
3
34
64
4
1
24
55
26
41
15
12
9
29
56
40
33
42
47
40
41
24
33
61
32
35
6
42
39
46
1
88
75
34
37
65
53
49
49
49
49
50
50
56
4
15
58
19
26
26
33
61
56
16
56
76
55
48
28
62
24
47
47
73
28
49
42
47
15
46
26
39
4
35
23
20
5
5
4
44
35
39
51
28
69
32
25
43
30
22
40
15
42
14
31
36
27
16
15
41
5
5
4
39
14
31
36
27
16
44
17
9
49
3
52
19
6
4
5
39
62
57
41
1
39
35
50
29
69
3
15
18
43
52
45
30
42
17
55
50
30
45
29
40
30
53
40
54
14
43
24
46
34
36
44
13
12
12
33
7
38
34
49
36
15
29
1
15
47
26
5
27
53
44
64
35
4
35
23
40
20
5
5
4
4
44
35
39
51
28
15
18
13
40
43
46
34
36
44
29
56
40
33
42
47
25
34
32
32
40
41
24
33
61
31
32
35
6
42
39
46
37
1
15
22
8
7
4
55
22
42
35
32
13
59
54
43
52
48
42
18
35
31
34
15
42
8
25
21
31
30
24
46
57
22
27
65
40
22
22
75
10
39
70
47
26
5
27
53
15
7
14
10
17
20
27
14
31
2
18
14
14
50
20
24
2
7
2
37
28
2
36
15
12
9
29
88
75
34
37
65
53
49
49
49
49
50
50
56
4
26
29
25
29
33
30
15
47
52
19
6
4
5
39
62
1
69
57
64
38
43
38
66
37
51
38
38
41
37
43
33
43
3
33
19
51
53
18
15
3
33
19
44
53
18
43
52
45
30
42
17
55
3
50
30
41
45
29
40
30
53
40
54
15
49
41
45
27
27
51
7
42
8
25
21
11
63
31
23
26
15
44
61
29
33
40
32
33
40
28
27
24
15
12
9
29
88
35
26
29
24
30
6
18
50
9
58
25
19
26
26
33
38
61
56
16
52
56
76
48
32
15
21
29
17
17
8
24
30
30
30
30
29
9
15
27
17
30
37
45
26
34
20
30
2
42
35
54
37
4
37
3
26
34
1
15
1
24
55
26
41
34
52
40
43
40
14
7
15
11
24
63
28
5
13
22
32
32
23
44
25
8
20
15
15
31
34
3
40
21
49
6
32
20
1
18
20
29
32
25
46
40
49
5
7
5
7
8
5
28
49
39
39
33
16
47
15
40
23
47
27
59
50
40
40
55
2
33
46
18
18
19
32
28
15
8
58
48
15
4
4
4
13
4
4
30
4
11
4
12
4
12
4
12
4
11
4
25
40
71
58
16
57
41
4
21
29
17
17
8
23
30
30
30
30
19
21
46
40
2
40
17
68
56
55
74
78
20
24
41
35
50
3
53
53
49
23
51
197
47
2
64
24
5
6
48
35
37
2
107
83
1
66
36
54
2
61
62
52
59
50
58
53
78
54
62
59
99
28
20
10
83
66
64
72
68
85
103
52
54
67
24
80
9
92
91
97
96
10
109
49
11
77
24
31
58
81
67
74
127
67
65
93
115
56
74
107
20
17
104
51
70
74
70
42
99
70
87
86
42
50
75
58
78
71
95
84
13
109
76
52
60
72
63
69
93
122
19
16
49
88
16
116
68
63
62
69
41
87
109
108
8
70
34
27
22
48
65
95
79
77
52
50
113
17
83
90
102
85
124
74
45
80
40
50
89
107
100
145
44
38
50
49
66
44
46
140
83
19
8
49
60
54
89
84
95
5
82
96
62
38
139
22
14
54
133
8
97
83
34
96
105
12
73
59
51
99
47
87
39
53
98
14
76
103
48
134
3
48
59
42
45
35
26
42
61
25
48
23
45
2
68
94
81
24
103
81
69
44
40
55
47
79
46
69
61
47
2
11
42
64
49
50
52
51
37
46
22
55
2
44
36
67
43
94
51
84
91
105
98
103
84
67
68
68
90
20
13
36
36
26
47
65
13
6
75
85
92
51
47
94
83
76
95
110
103
113
104
121
114
34
37
33
72
107
161
84
100
47
3
81
74
76
40
33
98
62
62
62
62
81
125
21
8
75
82
42
91
50
96
94
14
91
55
86
79
88
54
60
97
66
77
63
81
13
21
51
14
63
28
90
26
80
126
18
85
38
102
58
62
84
85
40
62
74
45
31
56
55
41
53
119
61
65
46
56
86
50
49
53
46
267
40
227
94
34
59
99
53
54
66
71
98
115
84
110
157
106
61
46
38
70
40
79
43
97
45
68
45
83
51
34
66
49
97
34
74
93
59
5
72
63
82
33
26
35
73
78
10
78
33
70
124
78
77
65
18
98
63
28
62
70
75
66
83
77
111
51
112
67
67
50
22
19
19
84
41
33
39
84
74
77
9
78
45
39
38
36
49
96
57
44
44
67
11
66
94
61
80
96
50
110
154
68
81
71
129
100
77
82
101
78
97
64
100
83
21
6
75
66
76
63
61
75
109
55
72
87
83
98
41
95
41
45
97
76
46
50
70
14
41
117
99
70
125
7
103
69
58
78
84
95
100
33
78
5
63
95
75
92
125
92
76
113
20
8
126
45
80
55
70
143
65
95
19
17
31
38
31
11
12
26
88
139
126
59
81
16
79
72
77
70
95
71
69
97
114
134
126
11
81
56
5
118
89
88
12
59
89
81
132
77
49
14
93
56
115
187
165
105
83
19
55
69
97
100
97
51
59
56
81
69
87
52
93
55
69
103
104
108
85
82
103
76
116
104
97
73
46
20
75
97
82
70
55
78
80
36
20
17
112
77
43
59
72
36
53
74
15
73
28
35
46
50
69
55
12
4
31
33
56
12
47
45
91
55
77
81
81
38
56
7
97
131
81
44
60
44
37
33
71
53
89
122
11
41
22
25
57
29
51
8
5
10
29
32
20
87
17
82
63
68
75
99
60
89
88
96
66
46
6
90
109
14
58
77
95
140
101
73
94
45
44
108
19
20
10
45
61
62
27
81
14
82
79
83
86
207
82
86
60
84
81
18
13
48
59
42
45
35
26
42
61
37
25
65
40
91
87
5
51
65
62
100
103
53
49
48
73
55
24
53
94
20
11
70
34
16
115
75
66
78
52
90
102
62
41
3
115
16
36
4
3
2
6
5
78
2
2
7
4
62
16
8
47
34
82
7
60
29
22
73
32
34
60
21
80
19
113
21
9
53
36
80
153
7
54
101
74
80
95
37
80
72
71
66
63
66
60
33
117
72
6
135
60
56
42
120
86
91
59
101
